TILES
0 0 0 0 0 0 0 0 0 0 0 0 0 0 0 0
0 0 0 0 0 0 0 0 0 0 0 0 0 0 0 0
0 0 0 0 0 0 0 0 0 0 0 0 0 0 0 0
0 0 0 0 0 0 0 0 0 0 0 0 0 0 0 0
0 0 0 0 0 0 0 0 0 0 0 0 0 0 0 0
0 0 0 0 0 0 0 0 0 0 0 0 0 0 0 0
0 1 1 1 1 1 1 0 0 0 0 0 0 0 0 0
0 0 0 0 0 0 0 0 0 0 0 0 0 0 0 0
0 0 0 0 0 0 0 0 0 1 0 0 0 0 0 0
0 0 0 0 0 0 0 0 0 1 0 0 0 0 0 0
0 0 0 0 0 0 0 0 0 1 0 0 0 0 0 0
0 0 0 0 0 0 0 0 0 1 0 0 0 0 0 0
0 0 0 0 0 0 0 0 0 1 0 0 0 0 0 0
0 0 0 0 0 0 0 0 0 0 0 0 0 0 0 0
0 0 0 0 0 0 0 0 0 0 0 0 0 0 0 0
PLAYER
1.851171,12.57191
EXIT
13.53345,1.217392
SLOW ENEMY
10.56522,9.254181 3.143813,4.361204
SLOW ENEMY PATROL
10.48997,9.264214;10.5602,5.822742;7.82107,5.822742;7.727425,9.404682;7.98495,5.869565;10.72408,5.77592 1.762542,4.454849;8.668897,4.361204
PUSH MINE
1.076923,12.60702 0.9832778,11.81104 1.591973,11.7408 2.200669,11.92809 2.364548,12.86455
INVISIJUICE
3.183947,12.7709 2.949833,11.7408
