TILES
1 1 1 1 1 1 1 1 1 1 1 1 1 1 1 1 1 1 1 1 1 1
1 0 0 0 0 0 0 0 0 0 0 0 0 0 0 0 0 0 0 0 0 1
1 0 0 0 0 0 0 0 0 0 0 0 0 0 0 0 0 0 0 0 0 1
1 0 0 0 0 0 0 0 0 1 1 1 1 1 1 1 1 0 0 0 0 1
1 0 0 0 0 0 0 0 0 0 0 0 0 0 0 0 1 0 0 0 0 1
1 0 0 0 0 0 0 0 0 0 0 0 0 0 0 0 1 1 1 1 1 1
1 0 0 0 0 0 0 0 0 0 0 0 0 1 0 0 0 0 0 0 0 1
1 0 0 0 1 0 0 0 1 0 0 0 0 1 0 0 0 0 0 0 0 1
1 0 0 0 1 0 0 0 1 0 0 0 0 1 1 1 1 1 0 0 0 1
1 0 0 0 1 0 0 0 1 0 0 0 0 0 0 0 0 0 0 0 0 1
1 0 0 0 1 0 0 0 1 0 0 0 0 0 0 0 0 0 0 0 0 1
1 0 0 0 1 0 0 0 1 0 0 0 1 1 1 1 1 1 1 1 1 1
1 0 0 0 1 0 0 0 1 0 0 0 0 0 0 0 0 0 0 0 0 1
1 0 0 0 0 0 0 0 0 0 0 0 0 0 0 0 0 0 0 0 0 1
1 0 0 0 0 0 0 0 0 0 0 0 0 0 0 0 0 0 0 0 0 1
1 1 1 1 1 1 1 1 1 1 1 1 0 0 0 0 0 0 0 0 0 1
1 0 0 0 0 0 0 0 0 0 0 1 0 0 0 1 1 1 0 0 0 1
1 0 0 0 0 0 0 0 0 0 0 1 0 0 0 1 1 1 0 0 0 1
1 0 0 1 1 0 0 1 1 0 0 1 0 0 0 1 1 1 0 0 0 1
1 0 0 0 1 0 0 1 1 0 0 1 0 0 0 0 0 0 0 0 0 1
1 0 0 0 1 0 0 0 0 0 0 0 0 0 0 0 0 0 0 0 0 1
1 0 0 0 1 0 0 0 0 0 0 0 0 0 0 0 0 0 0 0 0 1
1 1 1 1 1 1 1 1 1 1 1 1 1 1 1 1 1 1 1 1 1 1
PLAYER
2.426421,20.20736
EXIT
18.88127,2.386288
SLOW ENEMY
11.06856,6.32107
SLOW ENEMY PATROL
|
FAST ENEMY
6.060201,9.578595
FAST ENEMY PATROL
6.013378,13.301;9.759197,13.18395;9.782609,4.943144;6.083612,5.107024;6.38796,13.27759;2.163879,13.46488;2.070234,5.130435;5.792642,5.177258
POUNCE ENEMY
5.70903,20.3311 13.10368,19.8796 19.16722,12.99666
POUNCE ENEMY PATROL
5.662208,20.19064;9.525084,20.44816;9.478261,16.32776;5.545151,16.28094 13.22074,19.78595;18.88629,19.71572;18.95652,13.02007;12.82274,13.20736 18.9097,12.97324;13.08027,13.16053;12.98662,19.83278;19.05017,19.80936
PUSH MINE
9.459867,16.45318
SLOW MINE
19.4398,20.301
DYNASWITCH
19.42977,7.913043
DYNASWITCH PATROL
9.381271,1.494984
