TILES
1 1 1 1 1 1 1 1 1 1 1 1 1 1 1 1 1 1 1 1 1 1 1 1 1
1 0 0 0 0 0 0 0 0 0 0 0 0 0 0 0 0 0 0 1 0 0 0 0 1
1 0 0 0 0 0 0 0 0 0 0 0 0 0 1 0 0 0 0 1 0 0 0 0 1
1 0 0 0 0 0 0 0 0 0 0 0 0 0 1 0 0 0 0 1 0 0 0 0 1
1 0 0 0 0 0 0 0 0 0 0 0 0 0 1 0 0 0 0 1 0 0 0 0 1
1 0 0 0 0 0 0 0 0 0 0 0 0 0 1 0 0 0 0 1 0 0 0 0 1
1 0 0 0 0 0 0 0 0 0 0 0 0 0 0 0 0 0 0 1 0 0 0 0 1
1 0 0 0 0 0 0 0 0 0 0 0 0 0 0 0 0 0 0 1 0 0 0 0 1
1 0 0 0 0 0 0 0 0 0 0 0 0 0 0 0 0 0 0 0 0 0 0 0 1
1 0 0 0 1 0 0 0 0 0 0 0 0 0 0 0 0 0 0 0 0 0 0 0 1
1 0 0 0 1 1 1 0 0 0 0 0 0 0 0 0 0 1 0 0 0 0 0 0 1
1 0 0 0 0 0 0 0 0 0 0 0 0 0 0 0 0 1 0 0 0 0 0 0 1
1 0 0 0 0 0 0 0 0 0 0 0 0 0 0 0 0 1 0 0 0 0 0 0 1
1 1 1 1 1 1 1 1 1 1 0 0 0 0 1 0 0 1 0 0 1 0 0 0 1
1 0 0 0 0 0 0 0 0 0 0 0 0 0 1 0 0 0 0 0 1 0 0 0 1
1 0 0 0 0 0 0 0 0 0 0 0 0 0 1 0 0 0 0 0 1 0 0 0 1
1 0 0 0 1 1 1 1 1 0 0 0 0 0 1 0 0 0 0 0 1 0 0 0 1
1 0 0 0 1 0 0 0 1 0 0 0 0 0 1 0 0 0 0 0 1 0 0 0 1
1 0 0 0 0 0 0 0 0 0 0 0 0 0 0 0 0 0 0 0 1 0 0 0 1
1 0 0 0 0 0 0 0 0 0 0 0 0 0 0 0 0 0 0 0 0 0 0 0 1
1 0 0 0 0 0 0 0 0 0 0 0 0 0 0 0 0 0 0 0 0 0 0 0 1
1 0 0 0 0 1 1 1 1 1 1 1 0 0 1 1 1 1 1 0 0 0 0 0 1
1 0 0 0 0 1 0 0 0 0 1 0 0 0 0 0 0 0 1 0 0 0 0 0 1
1 0 0 0 0 1 0 0 0 0 0 0 0 0 0 0 0 0 1 0 0 0 0 0 1
1 0 0 0 0 1 0 0 0 0 0 0 0 0 0 0 0 0 1 0 0 0 0 0 1
1 1 1 1 1 1 1 1 1 1 1 1 1 1 1 1 1 1 1 1 1 1 1 1 1
PLAYER
20.81271,2.573579
EXIT
2.461538,22.73077
SLOW ENEMY
7.466555,6.795987 7.663879,2.137124
SLOW ENEMY PATROL
5.837792,6.163879;4.59699,4.665552;5.065217,2.558529;7.663879,1.317726;9.981606,3.307693;9.887959,5.859532;7.874582,6.913043 9.489966,2.698997;9.958194,4.548495;9.138796,6.187291;7.804348,6.983277;5.931438,6.842809;4.901338,6.117057;4.643813,4.899666;4.76087,2.816054;6.376254,2.020067;8.155519,1.809365
FAST ENEMY
12.07525,15.30267
FAST ENEMY PATROL
11.95819,11.00836;15.39967,10.8913;15.4699,15.37291;18.5602,15.39632;18.64047,10.99331;21.96488,10.78261;22.10535,22.30936;17.63378,18.56355;12.15552,18.56355
POUNCE ENEMY
11.23411,18.28595
POUNCE ENEMY PATROL
12.42308,18.96655;10.80769,19.52843;8.906354,19.50502;7.595317,19.48161;5.535117,19.41137;3.311036,19.52843;1.344481,19.57525;1.32107,16.95318;1.180601,14.21405;7.712374,14.09699;10.50836,14.79766
RANGED ENEMY
1.866221,4.51505
RANGED ENEMY PATROL
|
DEAD ZONE
5,17 6,17 7,17
PUSH MINE
15.98997,23.71237 15.98997,22.80769
SLOW MINE
16.47659,2.892977 17.55351,3.010034
INVISIJUICE
20.15886,22.4097 21.49331,22.31605
DYNASWITCH
7.204013,22.62876 7.453177,4.575251
DYNASWITCH PATROL
1.046823,20.94314;2.006689,20.94314;2.943144,20.91973;3.832776,20.91973 11.98829,21.00502;12.94816,20.95819
