TILES
0 0 0 0 0 0 0 0 0 0 0 0 0
0 0 0 0 0 0 0 0 0 0 0 0 0
0 0 0 0 0 0 0 0 0 0 0 0 0
0 0 0 0 0 0 0 0 0 0 0 0 0
0 0 0 0 0 0 0 0 0 0 0 0 0
0 0 0 0 0 0 0 0 0 0 0 0 0
0 0 0 0 0 0 0 0 0 0 0 0 0
0 0 0 0 0 0 0 0 0 0 0 0 0
0 0 0 0 0 0 0 0 0 0 0 0 0
0 0 0 0 0 0 0 0 0 0 0 0 0
0 0 0 0 0 0 0 0 0 0 0 0 0
0 0 0 0 0 0 0 0 0 0 0 0 0
PLAYER
2.583612,9.494983
EXIT
10.73077,0.5050173
SLOW ENEMY
8.85786,3.337793 7.968227,6.170568
SLOW ENEMY PATROL
6.961538,3.329432;11.73746,10.2592;0.2190634,0.4264216;3.356187,7.168896;11.12876,7.168896;5.182274,0.4030102;7.148829,10.23579;0.4765887,10.65719;3.168896,2.673913;9.560201,9.673913;11.8311,2.416388;1.17893,6.279264 5.79097,5.51505;5.486622,7.200669;6.259197,8.979933;8.225753,9.214046;10.73077,7.762542;10.66053,4.391304;7.874582,4.274248
