TILES
1 1 1 1 1 1 1 1 1 1 1 1 1 1
1 0 0 0 0 0 0 0 0 0 0 0 0 1
1 0 0 0 0 0 0 0 0 0 0 0 0 1
1 0 0 1 0 0 0 0 0 0 0 0 0 1
1 0 0 1 0 0 0 0 0 0 0 0 0 1
1 0 0 1 0 0 0 0 0 0 0 0 0 1
1 0 0 1 0 0 0 0 0 0 0 0 0 1
1 1 1 1 0 0 0 0 0 0 0 0 0 1
1 0 0 1 0 0 0 0 0 0 0 0 0 1
1 0 0 1 0 0 0 0 0 0 0 0 0 1
1 0 0 1 0 0 0 0 0 0 0 0 0 1
1 0 0 0 0 0 0 0 0 0 0 0 0 1
1 0 0 0 0 0 0 0 0 0 0 0 0 1
1 1 1 1 1 1 1 1 1 1 1 1 1 1
PLAYER
1.41806,5.881271
EXIT
1.540134,8.10535
RANGED ENEMY
3.175586,11.31438 5.205686,10.92475 5.884615,12.00167 7.944816,11.8612 9.677258,11.8612 11.47993,11.81438 3.988294,9.964883
TOWER
7.953177,5.757525
PUSH MINE
6.585284,5.69398
BLOWUP MINE
8.036789,7.262542
SLOW MINE
7.989966,4.289298
INVISIJUICE
9.511705,5.647157
