TILES
1 1 1 1 1 1 1 1 1 1 1 1 1 1 1 1 1 1 1 1 1 1 1 1 1
1 0 0 0 0 0 0 0 0 0 0 0 0 0 0 0 0 0 0 0 1 0 0 0 1
1 0 0 0 0 0 0 0 0 0 0 0 0 0 0 0 0 0 0 0 1 0 0 0 1
1 0 0 0 0 0 0 0 0 0 0 0 0 0 0 0 0 0 0 0 0 0 0 0 1
1 0 0 0 0 0 0 0 0 0 0 0 0 0 0 0 0 0 0 0 1 0 0 0 1
1 0 0 0 0 0 0 0 0 0 0 0 0 0 0 0 0 0 0 0 1 0 0 0 1
1 1 1 1 1 1 1 1 1 1 1 1 1 1 1 1 1 1 1 1 1 1 1 1 1
PLAYER
20.9921,2.975169
EXIT
0.9615384,2.996655
SLOW ENEMY
14.94649,3.06689
SLOW ENEMY PATROL
|
FAST ENEMY
5.714047,3.839465 5.807692,2.153846
FAST ENEMY PATROL
| |
POUNCE ENEMY
3.981605,3.043478
POUNCE ENEMY PATROL
|
RANGED ENEMY
2.85786,3.558528 2.839465,4.846154 2.811037,2.411371 2.792642,1.311037
RANGED ENEMY PATROL
| | | |
PUSH MINE
20.00334,2.996655
DYNASWITCH
8.055184,2.832776
DYNASWITCH PATROL
6,5.033444;5.929766,1.053512;6.913043,2.036789;6.936455,3.956521;4.946488,4.869565;4.923077,1.0301;7.896321,3.956521;7.943144,4.916388;7.919733,2.036789;7.896321,1.0301;6.983278,0.9832775;7.0301,4.986622;3.892977,5.033444;4.010034,4.003344;3.939799,2.036789;3.939799,0.9598662
