TILES
1 1 1 1 1 1 1 1 1 1 1 1 1 1 1 1 1 1
1 0 0 1 0 0 0 0 0 0 0 0 0 0 0 0 0 1
1 0 0 1 0 0 0 0 0 0 0 1 0 0 0 0 0 1
1 0 0 1 0 0 1 1 1 1 1 1 0 0 1 0 0 1
1 0 0 1 0 0 0 0 0 0 0 0 0 0 1 0 0 1
1 0 0 1 0 0 0 0 0 0 0 0 0 0 1 0 0 1
1 0 0 1 0 0 0 0 0 0 0 0 0 0 1 0 0 1
1 0 0 1 0 0 0 1 0 0 1 0 0 0 1 0 0 1
1 0 0 1 0 0 0 0 0 0 0 0 0 0 1 0 0 1
1 0 0 1 1 1 1 1 1 1 1 1 1 1 1 0 0 1
1 0 0 0 0 0 0 1 1 1 1 0 0 0 0 0 0 1
1 0 0 0 0 0 0 0 1 1 0 0 0 0 0 0 0 1
1 0 0 0 0 0 0 0 0 0 0 0 0 0 0 0 0 1
1 1 1 1 1 1 1 1 1 1 1 1 1 1 1 1 1 1
PLAYER
1.896163,1.753951
EXIT
8.43311,5.406354
SLOW ENEMY
8.555305,7.179458 6.896163,5.662529 4.438127,5.735785 11.9684,7.400677 5.163879,7.468227 11.47856,10.45034 15.58691,11.69865
